8.500000000000000000e+01 1.209088885375362879e+05
8.541666666666667140e+01 1.209142513937662152e+05
8.583333333333332860e+01 1.209190769701854588e+05
8.625000000000000000e+01 1.209233805360762053e+05
8.666666666666667140e+01 1.209271772280079022e+05
8.708333333333332860e+01 1.209304807391206850e+05
8.750000000000000000e+01 1.209333044992632349e+05
8.791666666666667140e+01 1.209356619113329216e+05
8.833333333333332860e+01 1.209375658393441845e+05
8.875000000000000000e+01 1.209390284528668853e+05
8.916666666666667140e+01 1.209400620706276386e+05
8.958333333333332860e+01 1.209406780831187061e+05
9.000000000000000000e+01 1.209408874801930942e+05
9.041666666666667140e+01 1.209407011220658023e+05
9.083333333333332860e+01 1.209401296368892654e+05
9.125000000000000000e+01 1.209391832880638540e+05
9.166666666666667140e+01 1.209378717169891170e+05
9.208333333333332860e+01 1.209362048923650873e+05
9.250000000000000000e+01 1.209341918950919935e+05
9.291666666666667140e+01 1.209318414616343362e+05
9.333333333333332860e+01 1.209291622911337327e+05
9.375000000000000000e+01 1.209261631157885276e+05
9.416666666666667140e+01 1.209228522692853294e+05
9.458333333333332860e+01 1.209192375574160833e+05
9.500000000000000000e+01 1.209153264003604854e+05
